y1=-7e-12*x.^2+1e-8*x+5e-6;

y2=-5e-12*x.^2+9e-9*x+4e-6;
